filmID	genreID
655	1
656	1
657	1
658	1
659	1
660	1
661	1
662	1
663	1
664	1
665	1
666	1
667	1
668	1
669	1
670	1
671	1
672	1
673	1
674	1
675	1
676	1
677	1
678	1
679	1
680	1
681	1
682	1
683	1
684	1
685	1
686	1
687	1
688	1
689	1
690	1
691	1
692	1
693	1
694	1
695	1
696	1
697	1
698	1
699	1
700	1
701	1
702	1
703	1
704	1
705	1
706	1
707	1
708	1
709	1
710	1
711	1
712	1
713	1
714	1
715	1
716	1
717	1
718	1
719	1
720	1
721	1
722	1
723	1
724	1
725	1
726	1
727	1
728	1
729	1
730	1
731	1
732	1
733	1
734	1
735	1
736	1
737	1
738	1
739	1
740	1
741	1
742	1
743	1
744	1
745	1
746	1
747	1
748	1
749	1
750	1
751	1
752	1
753	1
754	1
755	1
756	1
757	1
758	1
759	1
760	1
761	1
762	1
763	1
764	1
765	1
766	1
767	1
768	1
769	1
770	1
771	1
772	1
773	1
774	1
775	1
776	1
777	1
778	1
779	1
780	1
781	1
782	1
783	1
784	1
785	1
786	1
787	1
788	1
789	1
790	1
791	1
792	1
793	1
794	1
795	1
796	1
797	1
798	1
799	1
800	1
801	1
802	1
803	1
804	1
805	1
806	1
807	1
808	1
809	1
810	1
811	1
812	1
813	1
814	1
815	1
816	1
817	1
818	1
819	1
820	1
821	1
822	1
823	1
824	1
825	1
826	1
827	1
828	1
829	1
830	1
831	1
832	1
833	1
834	1
835	1
836	1
837	1
838	1
839	1
840	1
841	1
842	1
843	1
844	1
845	1
846	1
847	1
848	1
849	1
850	1
851	1
852	1
853	1
854	1
855	1
856	1
857	1
858	1
859	1
860	1
861	1
862	1
863	1
864	1
865	1
866	1
867	1
868	1
869	1
870	1
871	1
872	1
873	1
874	1
875	1
876	1
877	1
878	1
879	1
880	1
881	1
882	1
883	1
884	1
885	1
886	1
887	1
888	1
889	1
890	1
891	1
892	1
893	1
894	1
895	1
896	1
897	1
898	1
899	1
900	1
901	1
902	1
903	1
904	1
905	1
906	1
907	1
908	1
909	1
910	1
911	1
912	1
913	1
914	1
915	1
916	1
917	1
918	1
919	1
920	1
921	1
922	1
923	1
924	1
925	1
926	1
927	1
928	1
929	1
930	1
931	1
932	1
933	1
934	1
935	1
936	1
937	1
938	1
939	1
940	1
941	1
942	1
943	1
944	1
945	1
946	1
947	1
948	1
949	1
950	1
951	1
952	1
953	1
954	1
955	1
956	1
957	1
958	1
959	1
960	1
961	1
962	1
963	1
964	1
965	1
966	1
967	1
968	1
969	1
970	1
971	1
972	1
973	1
974	1
975	1
976	1
977	1
978	1
979	1
980	1
981	1
982	1
983	1
984	1
985	1
986	1
987	1
988	1
989	1
990	1
991	1
992	1
993	1
994	1
995	1
996	1
997	1
998	1
999	1
1000	1
1001	1
1002	1
1003	1
1004	1
1005	1
1006	1
1007	1
1008	1
1009	1
1010	1
1011	1
1012	1
1013	1
1014	1
1015	1
1016	1
1017	1
1018	1
1019	1
1020	1
1021	1
1022	1
1023	1
1024	1
1025	1
1026	1
1027	1
1028	1
1029	1
1030	1
1031	1
1032	1
1033	1
1034	1
1035	1
1036	1
1037	1
1038	1
1039	1
1040	1
1041	1
1042	1
1043	1
1044	1
1045	1
1046	1
1047	1
1048	1
1049	1
1050	1
1051	1
1052	1
1053	1
1054	1
1055	1
1056	1
1057	1
1058	1
1059	1
1060	1
1061	1
1062	1
1063	1
1064	1
1065	1
1066	1
1067	1
1068	1
1069	1
1070	1
1071	1
1072	1
1073	1
1074	1
1075	1
1076	1
1077	1
1078	1
1079	1
1080	1
1081	1
1082	1
1083	1
1084	1
1085	1
1086	1
1087	1
1088	1
1089	1
1090	1
1091	1
1092	1
1093	1
1094	1
1095	1
1096	1
1097	1
1098	1
1099	1
1100	1
1101	1
1102	1
1103	1
1104	1
1105	1
1106	1
1107	1
1108	1
1109	1
1110	1
1111	1
1112	1
1113	1
1114	1
1115	1
1116	1
1117	1
1118	1
1119	1
1120	1
1121	1
1122	1
1123	1
1124	1
1125	1
1126	1
1127	1
1128	1
1129	1
1130	1
1131	1
1132	1
1133	1
1134	1
1135	1
1136	1
1137	1
1138	1
1139	1
1140	1
1141	1
1142	1
1143	1
1144	1
1145	1
1146	1
1147	1
1148	1
1149	1
1150	1
1151	1
1152	1
1153	1
1154	1
1155	1
1156	1
1157	1
1158	1
1159	1
1160	1
1161	1
1162	1
1163	1
1164	1
1165	1
1166	1
1167	1
1168	1
1169	1
1170	1
1171	1
1172	1
1173	1
1174	1
1175	1
1176	1
1177	1
1178	1
1179	1
1180	1
1181	1
1182	1
1183	1
1184	1
1185	1
1186	1
1187	1
1188	1
1189	1
1190	1
1191	1
1192	1
1193	1
1194	1
1195	1
1196	1
1197	1
1198	1
1199	1
1200	1
1201	1
1202	1
1203	1
1204	1
1205	1
1206	1
1207	1
1208	1
1209	1
1210	1
1211	1
1212	1
1213	1
1214	1
1215	1
1216	1
1217	1
1218	1
1219	1
1220	1
1221	1
1222	1
1223	1
1224	1
1225	1
1226	1
1227	1
1228	1
1229	1
1230	1
1231	1
1232	1
1233	1
1234	1
1235	1
1236	1
1237	1
1238	1
1239	1
1240	1
1241	1
1242	1
1243	1
1244	1
1245	1
1246	1
1247	1
1248	1
1249	1
1250	1
1251	1
1252	1
1253	1
1254	1
1255	1
1256	1
1257	1
1258	1
1259	1
1260	1
1261	1
1262	1
1263	1
1264	1
1265	1
1266	1
1267	1
1268	1
1269	1
1270	1
1271	1
1272	1
1273	1
1274	1
1275	1
1276	1
1277	1
1278	1
1279	1
1280	1
1281	1
1282	1
1283	1
1284	1
1285	1
1286	1
1287	1
1288	1
1289	1
1290	1
1291	1
1292	1
1293	1
1294	1
1295	1
1296	1
1297	1
1298	1
689	2
702	2
705	2
708	2
710	2
730	2
808	2
831	2
834	2
855	2
898	2
906	2
921	2
1094	2
1107	2
1204	2
1205	2
1299	2
1300	2
1301	2
1302	2
1303	2
1304	2
1305	2
1306	2
1307	2
1308	2
667	3
710	3
740	3
841	3
849	3
1065	3
1068	3
1169	3
1232	3
1300	3
1301	3
1302	3
1306	3
1309	3
1310	3
1311	3
1312	3
1313	3
1314	3
1315	3
1316	3
1317	3
1318	3
1319	3
1320	3
1321	3
1322	3
1323	3
1324	3
1325	3
1326	3
1327	3
1328	3
1329	3
1330	3
1331	3
1332	3
1333	3
1334	3
1335	3
1336	3
1337	3
1338	3
1339	3
1340	3
1341	3
1342	3
1343	3
1344	3
1345	3
1346	3
1347	3
1348	3
1349	3
1350	3
1351	3
1352	3
1353	3
1354	3
1355	3
1356	3
1357	3
1358	3
1359	3
1360	3
1361	3
1362	3
1363	3
1364	3
1365	3
1366	3
1367	3
1368	3
1369	3
1370	3
1371	3
1372	3
1373	3
1374	3
1375	3
1376	3
1377	3
1378	3
1379	3
1380	3
1381	3
1382	3
1383	3
1384	3
1385	3
1386	3
1387	3
1388	3
1389	3
1390	3
1391	3
1392	3
1393	3
1394	3
1395	3
1396	3
1397	3
1398	3
1399	3
1400	3
1401	3
1402	3
1403	3
1404	3
1405	3
1406	3
1407	3
1408	3
1409	3
1410	3
1411	3
1412	3
1413	3
1414	3
1415	3
1416	3
1417	3
1418	3
1419	3
1420	3
1421	3
1422	3
1423	3
1424	3
1425	3
1426	3
1427	3
1428	3
1429	3
1430	3
1431	3
1432	3
1433	3
1434	3
1435	3
1436	3
1437	3
1438	3
1439	3
1440	3
1441	3
1442	3
1443	3
1444	3
1445	3
1446	3
1447	3
1448	3
1449	3
1450	3
1451	3
1452	3
1453	3
1454	3
1455	3
1456	3
1457	3
1458	3
1459	3
1460	3
1461	3
1462	3
1463	3
1464	3
1465	3
1466	3
1467	3
1468	3
1469	3
1470	3
1471	3
1472	3
1473	3
1474	3
1475	3
1476	3
1477	3
1478	3
1479	3
1480	3
1481	3
1482	3
1483	3
1484	3
1485	3
1486	3
1487	3
1488	3
1489	3
1490	3
1491	3
1492	3
1493	3
1494	3
1495	3
1496	3
1497	3
1498	3
1499	3
1500	3
1501	3
1502	3
1503	3
1504	3
1505	3
1506	3
1507	3
1508	3
1509	3
1510	3
1511	3
1512	3
1513	3
1514	3
1515	3
1516	3
1517	3
1518	3
1519	3
1520	3
1521	3
1522	3
1523	3
1524	3
1525	3
1526	3
1527	3
1528	3
1529	3
1530	3
1531	3
1532	3
1533	3
1534	3
1535	3
1536	3
1537	3
1538	3
1539	3
1540	3
1541	3
1542	3
1543	3
1544	3
1545	3
1546	3
1547	3
1548	3
1549	3
1550	3
1551	3
1552	3
1553	3
1554	3
1555	3
1556	3
1557	3
1558	3
1559	3
1560	3
1561	3
1562	3
1563	3
1564	3
1565	3
1566	3
1567	3
1568	3
1569	3
1570	3
1571	3
1572	3
1573	3
1574	3
1575	3
1576	3
1577	3
1578	3
1579	3
1580	3
1581	3
1582	3
1583	3
1584	3
1585	3
1586	3
1587	3
1588	3
1589	3
1590	3
1591	3
1592	3
1593	3
1594	3
1595	3
1596	3
1597	3
1598	3
1599	3
1600	3
1601	3
1602	3
1603	3
1604	3
1605	3
1606	3
1607	3
1608	3
1609	3
1610	3
1611	3
1612	3
1613	3
1614	3
1615	3
1616	3
1617	3
1618	3
1619	3
1620	3
1621	3
1622	3
1623	3
1624	3
1625	3
1626	3
1627	3
1628	3
1629	3
1630	3
1631	3
1632	3
1633	3
1634	3
1635	3
1636	3
1637	3
1638	3
1639	3
1640	3
1641	3
1642	3
1643	3
1644	3
1645	3
1646	3
1647	3
1648	3
1649	3
1650	3
1651	3
1652	3
1653	3
1654	3
1655	3
1656	3
1657	3
1658	3
1659	3
1660	3
1661	3
1662	3
1663	3
1664	3
1665	3
1666	3
1667	3
1668	3
1669	3
1670	3
1671	3
1672	3
1673	3
1674	3
1675	3
1676	3
1677	3
1678	3
1679	3
1680	3
1681	3
1682	3
1683	3
1684	3
1685	3
1686	3
1687	3
1688	3
1689	3
1690	3
1691	3
1692	3
1693	3
1694	3
1695	3
1696	3
1697	3
1698	3
1699	3
1700	3
1701	3
1702	3
1703	3
1704	3
1705	3
1706	3
1707	3
1708	3
1709	3
1710	3
1711	3
1712	3
1713	3
1714	3
1715	3
1716	3
1717	3
1718	3
1719	3
1720	3
1721	3
1722	3
1723	3
1724	3
1725	3
1726	3
1727	3
1728	3
1729	3
1730	3
1731	3
1732	3
1733	3
1734	3
1735	3
1736	3
1737	3
1738	3
1739	3
1740	3
1741	3
1742	3
1743	3
1744	3
1745	3
1746	3
1747	3
1748	3
1749	3
1750	3
1751	3
1752	3
1753	3
1754	3
1755	3
1756	3
1757	3
1758	3
1759	3
1760	3
1761	3
1762	3
657	4
684	4
688	4
690	4
693	4
706	4
723	4
742	4
750	4
756	4
767	4
771	4
772	4
776	4
780	4
788	4
811	4
812	4
818	4
854	4
859	4
878	4
888	4
901	4
927	4
934	4
939	4
953	4
960	4
1019	4
1021	4
1075	4
1433	4
1471	4
1589	4
1656	4
1661	4
1672	4
1718	4
1721	4
1734	4
1738	4
1759	4
1763	4
1764	4
1765	4
1766	4
1767	4
1768	4
1769	4
1770	4
1771	4
1772	4
1773	4
1774	4
1775	4
1776	4
1777	4
1778	4
1779	4
1780	4
1781	4
1782	4
1783	4
1784	4
1785	4
1786	4
1787	4
1788	4
1789	4
1790	4
1791	4
1792	4
1793	4
1794	4
1795	4
1796	4
1797	4
1798	4
1799	4
1800	4
1801	4
1802	4
1803	4
1804	4
1805	4
1806	4
1807	4
1808	4
1809	4
1810	4
1811	4
1812	4
1813	4
1814	4
1815	4
1816	4
1817	4
1818	4
1819	4
1820	4
1821	4
1822	4
1823	4
1824	4
1825	4
1826	4
1827	4
1828	4
1829	4
1830	4
1831	4
1832	4
1833	4
1834	4
1835	4
1836	4
1837	4
1838	4
1839	4
1840	4
656	5
660	5
668	5
731	5
765	5
775	5
791	5
794	5
805	5
806	5
810	5
824	5
835	5
837	5
845	5
848	5
857	5
864	5
875	5
889	5
899	5
900	5
903	5
908	5
911	5
916	5
922	5
928	5
930	5
932	5
934	5
965	5
973	5
987	5
998	5
1002	5
1005	5
1014	5
1027	5
1029	5
1032	5
1035	5
1037	5
1054	5
1056	5
1059	5
1073	5
1076	5
1093	5
1096	5
1100	5
1110	5
1125	5
1132	5
1136	5
1147	5
1148	5
1151	5
1152	5
1153	5
1154	5
1158	5
1164	5
1169	5
1170	5
1179	5
1185	5
1223	5
1241	5
1249	5
1255	5
1256	5
1276	5
1278	5
1295	5
1309	5
1310	5
1311	5
1312	5
1313	5
1315	5
1317	5
1318	5
1320	5
1321	5
1322	5
1325	5
1326	5
1327	5
1330	5
1331	5
1332	5
1335	5
1336	5
1338	5
1339	5
1340	5
1344	5
1346	5
1348	5
1351	5
1354	5
1356	5
1359	5
1363	5
1377	5
1379	5
1385	5
1386	5
1387	5
1389	5
1399	5
1400	5
1401	5
1402	5
1403	5
1404	5
1405	5
1406	5
1407	5
1408	5
1409	5
1410	5
1411	5
1415	5
1416	5
1417	5
1419	5
1420	5
1421	5
1422	5
1425	5
1428	5
1429	5
1432	5
1433	5
1438	5
1439	5
1440	5
1441	5
1448	5
1449	5
1456	5
1458	5
1460	5
1461	5
1462	5
1465	5
1468	5
1469	5
1472	5
1479	5
1481	5
1483	5
1494	5
1495	5
1496	5
1498	5
1499	5
1500	5
1501	5
1502	5
1504	5
1510	5
1511	5
1517	5
1518	5
1527	5
1529	5
1531	5
1535	5
1536	5
1539	5
1542	5
1559	5
1564	5
1566	5
1568	5
1581	5
1582	5
1583	5
1585	5
1586	5
1590	5
1591	5
1595	5
1597	5
1601	5
1607	5
1609	5
1612	5
1613	5
1614	5
1618	5
1621	5
1622	5
1626	5
1628	5
1631	5
1633	5
1636	5
1637	5
1639	5
1644	5
1646	5
1649	5
1651	5
1652	5
1655	5
1656	5
1657	5
1659	5
1660	5
1662	5
1663	5
1664	5
1666	5
1670	5
1671	5
1673	5
1674	5
1675	5
1679	5
1681	5
1682	5
1683	5
1684	5
1685	5
1686	5
1688	5
1689	5
1692	5
1699	5
1700	5
1701	5
1702	5
1703	5
1705	5
1706	5
1710	5
1711	5
1712	5
1713	5
1717	5
1724	5
1725	5
1726	5
1727	5
1729	5
1730	5
1731	5
1732	5
1733	5
1734	5
1735	5
1736	5
1743	5
1755	5
1757	5
1759	5
1760	5
1762	5
1763	5
1764	5
1767	5
1768	5
1772	5
1773	5
1776	5
1777	5
1778	5
1779	5
1781	5
1782	5
1784	5
1792	5
1798	5
1799	5
1805	5
1809	5
1810	5
1819	5
1821	5
1826	5
1830	5
1832	5
1837	5
1838	5
1841	5
1842	5
1843	5
1844	5
1845	5
1846	5
1847	5
1848	5
1849	5
1850	5
1851	5
1852	5
1853	5
1854	5
1855	5
1856	5
1857	5
1858	5
1859	5
1860	5
1861	5
1862	5
1863	5
1864	5
1865	5
1866	5
1867	5
1868	5
1869	5
1870	5
1871	5
1872	5
1873	5
1874	5
1875	5
1876	5
1877	5
1878	5
1879	5
1880	5
1881	5
1882	5
1883	5
1884	5
1885	5
1886	5
1887	5
1888	5
1889	5
1890	5
1891	5
1892	5
1893	5
1894	5
1895	5
1896	5
1897	5
1898	5
1899	5
1900	5
1901	5
1902	5
1903	5
1904	5
1905	5
1906	5
1907	5
1908	5
1909	5
1910	5
1911	5
1912	5
1913	5
1914	5
1915	5
1916	5
1917	5
1918	5
1919	5
1920	5
1921	5
1922	5
1923	5
1924	5
1925	5
1926	5
1927	5
1928	5
1929	5
1930	5
1931	5
1932	5
1933	5
1934	5
1935	5
1936	5
1937	5
1938	5
1939	5
1940	5
1941	5
1942	5
1943	5
1944	5
1945	5
1946	5
1947	5
1948	5
1949	5
1950	5
1951	5
1952	5
1953	5
1954	5
1955	5
1956	5
1957	5
1958	5
1959	5
1960	5
1961	5
1962	5
1963	5
1964	5
1965	5
1966	5
1967	5
1968	5
1969	5
1970	5
1971	5
1972	5
1973	5
1974	5
1975	5
1976	5
1977	5
1978	5
1979	5
1980	5
1981	5
1982	5
1983	5
1984	5
1985	5
1986	5
1987	5
1988	5
1989	5
1990	5
1991	5
1992	5
1993	5
1994	5
1995	5
1996	5
1997	5
1998	5
1999	5
2000	5
2001	5
2002	5
2003	5
2004	5
2005	5
2006	5
2007	5
2008	5
2009	5
2010	5
2011	5
2012	5
2013	5
2014	5
2015	5
2016	5
2017	5
2018	5
2019	5
2020	5
2021	5
2022	5
2023	5
2024	5
2025	5
2026	5
2027	5
2028	5
2029	5
2030	5
2031	5
2032	5
2033	5
2034	5
2035	5
2036	5
2037	5
2038	5
2039	5
2040	5
2041	5
2042	5
2043	5
2044	5
2045	5
2046	5
2047	5
2048	5
2049	5
2050	5
2051	5
2052	5
2053	5
2054	5
2055	5
2056	5
2057	5
2058	5
2059	5
2060	5
2061	5
2062	5
2063	5
2064	5
2065	5
2066	5
2067	5
2068	5
2069	5
2070	5
2071	5
2072	5
2073	5
2074	5
2075	5
2076	5
2077	5
2078	5
2079	5
2080	5
2081	5
2082	5
2083	5
2084	5
2085	5
2086	5
2087	5
2088	5
2089	5
2090	5
2091	5
2092	5
2093	5
2094	5
2095	5
2096	5
2097	5
2098	5
2099	5
2100	5
2101	5
2102	5
2103	5
2104	5
2105	5
2106	5
2107	5
2108	5
2109	5
2110	5
2111	5
2112	5
2113	5
2114	5
2115	5
2116	5
2117	5
2118	5
2119	5
2120	5
2121	5
2122	5
2123	5
2124	5
2125	5
2126	5
2127	5
2128	5
2129	5
2130	5
2131	5
2132	5
2133	5
2134	5
2135	5
2136	5
2137	5
2138	5
2139	5
2140	5
2141	5
2142	5
2143	5
2144	5
2145	5
2146	5
2147	5
2148	5
2149	5
2150	5
2151	5
2152	5
2153	5
2154	5
2155	5
2156	5
2157	5
2158	5
2159	5
2160	5
2161	5
2162	5
2163	5
2164	5
2165	5
2166	5
2167	5
2168	5
2169	5
2170	5
2171	5
2172	5
2173	5
2174	5
2175	5
2176	5
2177	5
2178	5
2179	5
2180	5
2181	5
2182	5
2183	5
2184	5
2185	5
2186	5
2187	5
2188	5
2189	5
2190	5
2191	5
2192	5
2193	5
2194	5
2195	5
2196	5
2197	5
2198	5
2199	5
2200	5
2201	5
2202	5
2203	5
2204	5
2205	5
2206	5
2207	5
2208	5
2209	5
2210	5
2211	5
2212	5
2213	5
2214	5
2215	5
2216	5
2217	5
2218	5
2219	5
2220	5
2221	5
2222	5
2223	5
2224	5
2225	5
2226	5
2227	5
2228	5
2229	5
2230	5
2231	5
2232	5
2233	5
2234	5
2235	5
2236	5
2237	5
2238	5
2239	5
2240	5
2241	5
2242	5
2243	5
2244	5
2245	5
2246	5
2247	5
2248	5
2249	5
2250	5
2251	5
2252	5
2253	5
2254	5
2255	5
2256	5
2257	5
2258	5
2259	5
2260	5
2261	5
2262	5
2263	5
2264	5
2265	5
2266	5
2267	5
2268	5
2269	5
2270	5
2271	5
2272	5
2273	5
2274	5
2275	5
2276	5
2277	5
2278	5
2279	5
2280	5
2281	5
2282	5
2283	5
2284	5
2285	5
2286	5
2287	5
2288	5
2289	5
2290	5
2291	5
2292	5
2293	5
2294	5
2295	5
2296	5
2297	5
2298	5
2299	5
2300	5
2301	5
2302	5
2303	5
2304	5
2305	5
2306	5
2307	5
2308	5
2309	5
2310	5
2311	5
2312	5
2313	5
2314	5
2315	5
2316	5
2317	5
2318	5
2319	5
2320	5
2321	5
2322	5
2323	5
2324	5
2325	5
2326	5
2327	5
2328	5
2329	5
2330	5
2331	5
2332	5
2333	5
2334	5
2335	5
2336	5
2337	5
2338	5
2339	5
2340	5
2341	5
2342	5
2343	5
2344	5
2345	5
2346	5
2347	5
2348	5
2349	5
2350	5
2351	5
2352	5
2353	5
2354	5
2355	5
2356	5
2357	5
2358	5
2359	5
2360	5
2361	5
2362	5
2363	5
2364	5
2365	5
2366	5
2367	5
2368	5
2369	5
2370	5
2371	5
2372	5
2373	5
2374	5
2375	5
2376	5
2377	5
2378	5
2379	5
2380	5
2381	5
2382	5
2383	5
2384	5
2385	5
2386	5
2387	5
2388	5
2389	5
2390	5
2391	5
2392	5
2393	5
2394	5
2395	5
2396	5
2397	5
2398	5
2399	5
2400	5
2401	5
2402	5
2403	5
2404	5
2405	5
2406	5
2407	5
2408	5
2409	5
2410	5
2411	5
2412	5
2413	5
2414	5
2415	5
2416	5
2417	5
2418	5
2419	5
2420	5
2421	5
2422	5
2423	5
2424	5
2425	5
2426	5
2427	5
2428	5
2429	5
2430	5
2431	5
2432	5
2433	5
2434	5
2435	5
2436	5
2437	5
2438	5
2439	5
2440	5
2441	5
2442	5
2443	5
2444	5
2445	5
2446	5
2447	5
2448	5
2449	5
2450	5
2451	5
2452	5
2453	5
2454	5
2455	5
2456	5
2457	5
2458	5
2459	5
2460	5
2461	5
2462	5
2463	5
2464	5
2465	5
2466	5
2467	5
2468	5
2469	5
2470	5
2471	5
2472	5
2473	5
2474	5
2475	5
2476	5
2477	5
2478	5
2479	5
2480	5
2481	5
2482	5
2483	5
2484	5
2485	5
2486	5
2487	5
2488	5
2489	5
2490	5
2491	5
2492	5
2493	5
2494	5
2495	5
2496	5
2497	5
2498	5
2499	5
2500	5
2501	5
2502	5
2503	5
2504	5
2505	5
2506	5
2507	5
2508	5
2509	5
2510	5
2511	5
2512	5
2513	5
2514	5
2515	5
2516	5
2517	5
2518	5
2519	5
2520	5
2521	5
2522	5
2523	5
2524	5
2525	5
2526	5
2527	5
2528	5
2529	5
2530	5
2531	5
2532	5
2533	5
2534	5
2535	5
2536	5
2537	5
2538	5
2539	5
2540	5
2541	5
2542	5
2543	5
2544	5
2545	5
2546	5
2547	5
2548	5
2549	5
2550	5
2551	5
2552	5
2553	5
2554	5
2555	5
2556	5
2557	5
2558	5
2559	5
2560	5
2561	5
2562	5
2563	5
2564	5
2565	5
2566	5
2567	5
2568	5
2569	5
2570	5
2571	5
2572	5
2573	5
2574	5
2575	5
2576	5
2577	5
2578	5
2579	5
2580	5
2581	5
2582	5
2583	5
2584	5
2585	5
2586	5
2587	5
2588	5
2589	5
2590	5
2591	5
2592	5
2593	5
2594	5
2595	5
2596	5
2597	5
2598	5
2599	5
2600	5
2601	5
2602	5
2603	5
2604	5
2605	5
2606	5
2607	5
2608	5
2609	5
2610	5
2611	5
2612	5
2613	5
2614	5
2615	5
2616	5
2617	5
2618	5
2619	5
2620	5
2621	5
2622	5
2623	5
2624	5
2625	5
2626	5
2627	5
2628	5
2629	5
2630	5
2631	5
2632	5
2633	5
2634	5
2635	5
2636	5
2637	5
2638	5
2639	5
2640	5
656	6
889	6
899	6
1379	6
1536	6
1542	6
1759	6
1763	6
1767	6
1772	6
1773	6
1777	6
1778	6
1781	6
1784	6
1792	6
1798	6
1799	6
1805	6
1810	6
1821	6
1826	6
1832	6
1837	6
1838	6
1842	6
1856	6
1859	6
1865	6
1866	6
1867	6
1871	6
1875	6
1878	6
1879	6
1880	6
1882	6
1884	6
1888	6
1890	6
1894	6
1895	6
1901	6
1903	6
1904	6
1906	6
1908	6
1911	6
1914	6
1918	6
1919	6
1920	6
1921	6
1925	6
1926	6
1931	6
1932	6
1933	6
1935	6
1937	6
1939	6
1940	6
1947	6
1952	6
1954	6
1962	6
1966	6
1970	6
1973	6
1977	6
1978	6
1980	6
1981	6
1984	6
1985	6
1987	6
1993	6
1994	6
1995	6
1999	6
2001	6
2006	6
2008	6
2013	6
2014	6
2017	6
2018	6
2019	6
2021	6
2023	6
2024	6
2028	6
2037	6
2038	6
2040	6
2041	6
2042	6
2044	6
2045	6
2046	6
2047	6
2050	6
2051	6
2052	6
2057	6
2059	6
2061	6
2067	6
2068	6
2069	6
2072	6
2073	6
2074	6
2076	6
2078	6
2079	6
2082	6
2086	6
2088	6
2093	6
2098	6
2106	6
2108	6
2109	6
2114	6
2116	6
2119	6
2120	6
2122	6
2128	6
2130	6
2131	6
2134	6
2135	6
2136	6
2138	6
2139	6
2143	6
2146	6
2148	6
2151	6
2155	6
2157	6
2161	6
2167	6
2170	6
2179	6
2184	6
2185	6
2186	6
2187	6
2192	6
2193	6
2194	6
2198	6
2200	6
2201	6
2202	6
2206	6
2207	6
2208	6
2210	6
2212	6
2213	6
2214	6
2216	6
2217	6
2219	6
2224	6
2227	6
2229	6
2230	6
2231	6
2237	6
2240	6
2242	6
2243	6
2244	6
2247	6
2248	6
2249	6
2252	6
2254	6
2255	6
2256	6
2258	6
2259	6
2262	6
2273	6
2274	6
2275	6
2284	6
2285	6
2292	6
2294	6
2302	6
2308	6
2310	6
2312	6
2317	6
2319	6
2321	6
2322	6
2324	6
2331	6
2334	6
2335	6
2337	6
2338	6
2339	6
2343	6
2344	6
2345	6
2347	6
2348	6
2354	6
2355	6
2362	6
2365	6
2366	6
2369	6
2371	6
2381	6
2385	6
2389	6
2390	6
2392	6
2397	6
2398	6
2400	6
2402	6
2403	6
2404	6
2405	6
2406	6
2408	6
2412	6
2415	6
2421	6
2422	6
2424	6
2426	6
2433	6
2435	6
2436	6
2437	6
2441	6
2446	6
2447	6
2452	6
2453	6
2454	6
2455	6
2460	6
2461	6
2462	6
2469	6
2476	6
2477	6
2480	6
2481	6
2485	6
2488	6
2492	6
2495	6
2497	6
2499	6
2500	6
2505	6
2508	6
2509	6
2510	6
2511	6
2512	6
2514	6
2515	6
2520	6
2537	6
2538	6
2540	6
2544	6
2557	6
2558	6
2564	6
2571	6
2576	6
2589	6
2592	6
2597	6
2598	6
2601	6
2614	6
2615	6
2616	6
2618	6
2619	6
2620	6
2630	6
2631	6
2634	6
2635	6
2637	6
2640	6
1035	7
1852	7
1855	7
1907	7
1922	7
1924	7
1944	7
2025	7
2049	7
2096	7
2112	7
2144	7
2161	7
2176	7
2191	7
2211	7
2263	7
2296	7
2330	7
2352	7
2362	7
2454	7
2468	7
2487	7
2490	7
2517	7
2519	7
2533	7
2541	7
2612	7
2616	7
2635	7
657	8
659	8
667	8
671	8
673	8
684	8
688	8
690	8
694	8
700	8
704	8
709	8
725	8
727	8
728	8
733	8
737	8
740	8
741	8
742	8
748	8
755	8
760	8
761	8
763	8
767	8
768	8
778	8
780	8
793	8
795	8
801	8
804	8
809	8
811	8
812	8
825	8
826	8
830	8
840	8
844	8
848	8
851	8
856	8
859	8
870	8
871	8
872	8
877	8
887	8
888	8
892	8
893	8
897	8
902	8
910	8
914	8
915	8
923	8
925	8
940	8
943	8
956	8
960	8
974	8
979	8
980	8
981	8
989	8
997	8
999	8
1003	8
1007	8
1008	8
1009	8
1011	8
1023	8
1024	8
1026	8
1033	8
1038	8
1040	8
1041	8
1046	8
1053	8
1055	8
1057	8
1058	8
1062	8
1063	8
1065	8
1066	8
1070	8
1075	8
1085	8
1090	8
1099	8
1103	8
1105	8
1108	8
1109	8
1116	8
1117	8
1121	8
1122	8
1134	8
1157	8
1322	8
1327	8
1342	8
1350	8
1352	8
1353	8
1358	8
1371	8
1375	8
1381	8
1387	8
1388	8
1409	8
1410	8
1411	8
1412	8
1415	8
1429	8
1432	8
1435	8
1437	8
1442	8
1445	8
1447	8
1451	8
1469	8
1478	8
1485	8
1486	8
1507	8
1510	8
1515	8
1521	8
1527	8
1532	8
1538	8
1543	8
1544	8
1555	8
1556	8
1557	8
1560	8
1562	8
1563	8
1569	8
1571	8
1577	8
1578	8
1587	8
1588	8
1589	8
1600	8
1603	8
1604	8
1605	8
1608	8
1614	8
1617	8
1619	8
1622	8
1764	8
1766	8
1768	8
1769	8
1770	8
1772	8
1774	8
1780	8
1785	8
1786	8
1787	8
1788	8
1789	8
1790	8
1791	8
1793	8
1795	8
1796	8
1797	8
1798	8
1799	8
1800	8
1802	8
1804	8
1805	8
1806	8
1807	8
1811	8
1813	8
1814	8
1815	8
1816	8
1818	8
1823	8
1825	8
1826	8
1827	8
1829	8
1830	8
1831	8
1834	8
1843	8
1844	8
1847	8
1851	8
1852	8
1854	8
1859	8
1861	8
1866	8
1872	8
1876	8
1884	8
1885	8
1887	8
1888	8
1899	8
1902	8
1903	8
1904	8
1909	8
1910	8
1913	8
1914	8
1918	8
1919	8
1920	8
1923	8
1924	8
1927	8
1928	8
1931	8
1934	8
1935	8
1943	8
1946	8
1950	8
1953	8
1956	8
1960	8
1962	8
1963	8
1967	8
1983	8
1986	8
1988	8
1990	8
1996	8
1997	8
2006	8
2008	8
2020	8
2025	8
2028	8
2029	8
2030	8
2039	8
2041	8
2042	8
2046	8
2051	8
2052	8
2055	8
2056	8
2061	8
2062	8
2067	8
2070	8
2073	8
2075	8
2077	8
2080	8
2086	8
2098	8
2103	8
2106	8
2109	8
2129	8
2132	8
2133	8
2135	8
2138	8
2139	8
2144	8
2148	8
2151	8
2175	8
2176	8
2182	8
2185	8
2191	8
2192	8
2198	8
2199	8
2202	8
2205	8
2208	8
2213	8
2219	8
2223	8
2224	8
2229	8
2230	8
2232	8
2233	8
2234	8
2235	8
2237	8
2238	8
2241	8
2247	8
2251	8
2254	8
2259	8
2260	8
2261	8
2265	8
2269	8
2270	8
2272	8
2274	8
2278	8
2281	8
2290	8
2292	8
2294	8
2295	8
2299	8
2301	8
2302	8
2303	8
2308	8
2309	8
2311	8
2315	8
2324	8
2326	8
2328	8
2330	8
2342	8
2347	8
2348	8
2350	8
2352	8
2353	8
2354	8
2355	8
2357	8
2369	8
2373	8
2379	8
2381	8
2385	8
2386	8
2387	8
2400	8
2406	8
2415	8
2430	8
2434	8
2444	8
2449	8
2454	8
2455	8
2456	8
2462	8
2468	8
2473	8
2499	8
2641	8
2642	8
2643	8
2644	8
2645	8
2646	8
2647	8
2648	8
2649	8
2650	8
2651	8
2652	8
2653	8
2654	8
2655	8
2656	8
2657	8
2658	8
2659	8
2660	8
2661	8
2662	8
2663	8
2664	8
2665	8
2666	8
2667	8
2668	8
2669	8
2670	8
2671	8
2672	8
2673	8
2674	8
2675	8
2676	8
2677	8
2678	8
2679	8
2680	8
2681	8
2682	8
2683	8
2684	8
2685	8
2686	8
2687	8
2688	8
2689	8
2690	8
2691	8
2692	8
2693	8
2694	8
2695	8
2696	8
2697	8
2698	8
2699	8
2700	8
2701	8
2702	8
2703	8
2704	8
2705	8
2706	8
2707	8
2708	8
2709	8
2710	8
2711	8
2712	8
2713	8
2714	8
2715	8
2716	8
2717	8
2718	8
2719	8
2720	8
2721	8
2722	8
2723	8
2724	8
2725	8
2726	8
2727	8
2728	8
2729	8
2730	8
2731	8
2732	8
2733	8
2734	8
2735	8
2736	8
2737	8
2738	8
2739	8
2740	8
2741	8
2742	8
2743	8
2744	8
2745	8
2746	8
2747	8
2748	8
2749	8
2750	8
2751	8
2752	8
2753	8
2754	8
2755	8
2756	8
2757	8
2758	8
2759	8
2760	8
2761	8
2762	8
2763	8
2764	8
2765	8
2766	8
2767	8
2768	8
2769	8
2770	8
2771	8
2772	8
2773	8
2774	8
2775	8
2776	8
2777	8
2778	8
2779	8
2780	8
2781	8
2782	8
2783	8
2784	8
2785	8
2786	8
2787	8
2788	8
2789	8
2790	8
2791	8
2792	8
2793	8
2794	8
2795	8
2796	8
2797	8
2798	8
2799	8
2800	8
2801	8
2802	8
2803	8
2804	8
2805	8
2806	8
2807	8
2808	8
2809	8
2810	8
2811	8
2812	8
2813	8
2814	8
2815	8
2816	8
2817	8
2818	8
2819	8
2820	8
2821	8
2822	8
2823	8
2824	8
2825	8
2826	8
2827	8
2828	8
2829	8
2830	8
2831	8
2832	8
2833	8
2834	8
2835	8
2836	8
2837	8
2838	8
2839	8
2840	8
2841	8
2842	8
2843	8
2844	8
2845	8
2846	8
2847	8
2848	8
2849	8
2850	8
2851	8
2852	8
2853	8
2854	8
2855	8
2856	8
2857	8
2858	8
2859	8
2860	8
2861	8
2862	8
2863	8
2864	8
2865	8
2866	8
2867	8
2868	8
2869	8
2870	8
2871	8
2872	8
2873	8
2874	8
2875	8
2876	8
2877	8
2878	8
2879	8
2880	8
2881	8
2882	8
2883	8
2884	8
2885	8
2886	8
2887	8
2888	8
2889	8
2890	8
2891	8
2892	8
2893	8
2894	8
2895	8
2896	8
2897	8
2898	8
2899	8
2900	8
2901	8
2902	8
2903	8
2904	8
2905	8
2906	8
2907	8
2908	8
2909	8
2910	8
2911	8
2912	8
2913	8
2914	8
2915	8
2916	8
2917	8
2918	8
2919	8
2920	8
2921	8
2922	8
2923	8
2924	8
2925	8
2926	8
2927	8
2928	8
2929	8
2930	8
2931	8
2932	8
2933	8
2934	8
2935	8
2936	8
2937	8
2938	8
2939	8
2940	8
2941	8
2942	8
2943	8
2944	8
2945	8
2946	8
2947	8
2948	8
2949	8
2950	8
2951	8
2952	8
2953	8
2954	8
2955	8
2956	8
2957	8
2958	8
2959	8
2960	8
2961	8
2962	8
2963	8
2964	8
2965	8
2966	8
2967	8
2968	8
2969	8
2970	8
2971	8
2972	8
2973	8
2974	8
2975	8
2976	8
2977	8
2978	8
2979	8
2980	8
2981	8
2982	8
2983	8
2984	8
2985	8
2986	8
2987	8
2988	8
2989	8
2990	8
2991	8
2992	8
2993	8
2994	8
2995	8
2996	8
2997	8
2998	8
2999	8
3000	8
3001	8
3002	8
3003	8
3004	8
3005	8
3006	8
3007	8
3008	8
3009	8
3010	8
3011	8
3012	8
3013	8
3014	8
3015	8
3016	8
3017	8
3018	8
3019	8
3020	8
3021	8
3022	8
3023	8
3024	8
3025	8
3026	8
3027	8
3028	8
3029	8
3030	8
3031	8
3032	8
3033	8
3034	8
3035	8
3036	8
3037	8
3038	8
3039	8
3040	8
3041	8
3042	8
3043	8
3044	8
3045	8
3046	8
3047	8
3048	8
3049	8
3050	8
3051	8
3052	8
3053	8
3054	8
3055	8
3056	8
3057	8
3058	8
3059	8
3060	8
3061	8
3062	8
3063	8
3064	8
3065	8
3066	8
3067	8
3068	8
3069	8
3070	8
3071	8
3072	8
3073	8
3074	8
3075	8
3076	8
3077	8
3078	8
3079	8
3080	8
3081	8
3082	8
3083	8
3084	8
3085	8
3086	8
3087	8
3088	8
3089	8
3090	8
3091	8
3092	8
3093	8
3094	8
3095	8
3096	8
3097	8
3098	8
3099	8
3100	8
3101	8
3102	8
3103	8
3104	8
3105	8
3106	8
3107	8
3108	8
3109	8
3110	8
3111	8
3112	8
3113	8
3114	8
3115	8
3116	8
3117	8
3118	8
3119	8
3120	8
3121	8
3122	8
3123	8
3124	8
3125	8
3126	8
3127	8
3128	8
3129	8
3130	8
3131	8
3132	8
3133	8
3134	8
3135	8
3136	8
3137	8
3138	8
3139	8
3140	8
3141	8
3142	8
3143	8
3144	8
3145	8
3146	8
3147	8
3148	8
3149	8
3150	8
3151	8
3152	8
3153	8
3154	8
3155	8
3156	8
3157	8
3158	8
3159	8
3160	8
3161	8
3162	8
3163	8
3164	8
3165	8
3166	8
3167	8
3168	8
3169	8
3170	8
3171	8
3172	8
3173	8
3174	8
3175	8
3176	8
3177	8
3178	8
3179	8
3180	8
3181	8
3182	8
3183	8
3184	8
3185	8
3186	8
3187	8
3188	8
3189	8
3190	8
3191	8
3192	8
3193	8
3194	8
3195	8
3196	8
3197	8
3198	8
3199	8
3200	8
3201	8
3202	8
3203	8
3204	8
3205	8
3206	8
3207	8
3208	8
3209	8
3210	8
3211	8
3212	8
3213	8
3214	8
3215	8
3216	8
3217	8
3218	8
3219	8
3220	8
3221	8
3222	8
3223	8
3224	8
3225	8
3226	8
3227	8
3228	8
3229	8
3230	8
3231	8
3232	8
3233	8
3234	8
3235	8
3236	8
3237	8
3238	8
3239	8
3240	8
3241	8
3242	8
3243	8
3244	8
3245	8
3246	8
3247	8
3248	8
3249	8
3250	8
3251	8
3252	8
3253	8
3254	8
3255	8
3256	8
3257	8
3258	8
3259	8
3260	8
3261	8
3262	8
3263	8
3264	8
3265	8
3266	8
3267	8
3268	8
3269	8
3270	8
3271	8
3272	8
3273	8
3274	8
3275	8
3276	8
3277	8
3278	8
3279	8
3280	8
3281	8
3282	8
3283	8
3284	8
3285	8
3286	8
3287	8
3288	8
3289	8
3290	8
3291	8
3292	8
3293	8
3294	8
3295	8
3296	8
3297	8
3298	8
3299	8
3300	8
3301	8
3302	8
3303	8
3304	8
3305	8
3306	8
3307	8
3308	8
3309	8
3310	8
3311	8
3312	8
3313	8
3314	8
3315	8
3316	8
3317	8
3318	8
3319	8
3320	8
3321	8
3322	8
3323	8
3324	8
3325	8
3326	8
3327	8
3328	8
3329	8
3330	8
3331	8
3332	8
3333	8
3334	8
3335	8
3336	8
3337	8
3338	8
3339	8
3340	8
3341	8
3342	8
3343	8
3344	8
3345	8
3346	8
3347	8
3348	8
3349	8
3350	8
3351	8
3352	8
3353	8
3354	8
3355	8
3356	8
3357	8
3358	8
3359	8
3360	8
3361	8
3362	8
3363	8
3364	8
3365	8
3366	8
3367	8
3368	8
3369	8
3370	8
3371	8
3372	8
3373	8
3374	8
3375	8
3376	8
3377	8
3378	8
3379	8
3380	8
3381	8
3382	8
3383	8
3384	8
3385	8
3386	8
3387	8
3388	8
3389	8
3390	8
3391	8
3392	8
3393	8
3394	8
3395	8
3396	8
3397	8
3398	8
3399	8
3400	8
3401	8
3402	8
3403	8
3404	8
3405	8
3406	8
3407	8
3408	8
3409	8
3410	8
3411	8
3412	8
3413	8
3414	8
3415	8
3416	8
3417	8
3418	8
3419	8
3420	8
3421	8
3422	8
3423	8
3424	8
3425	8
3426	8
3427	8
3428	8
3429	8
3430	8
3431	8
3432	8
3433	8
3434	8
3435	8
3436	8
3437	8
3438	8
3439	8
3440	8
3441	8
3442	8
3443	8
3444	8
3445	8
3446	8
3447	8
3448	8
3449	8
3450	8
3451	8
3452	8
3453	8
3454	8
3455	8
3456	8
3457	8
3458	8
3459	8
732	9
735	9
764	9
824	9
935	9
950	9
961	9
962	9
966	9
1067	9
1073	9
1084	9
1131	9
1155	9
1167	9
1176	9
1202	9
1206	9
1209	9
1234	9
1245	9
1250	9
1765	9
1783	9
1822	9
1833	9
1835	9
1836	9
1860	9
1894	9
1944	9
1982	9
2097	9
2102	9
2211	9
2228	9
2266	9
2286	9
2380	9
2440	9
2486	9
2490	9
2504	9
2547	9
2552	9
2600	9
2603	9
3460	9
3461	9
3462	9
3463	9
3464	9
3465	9
3466	9
3467	9
3468	9
3469	9
3470	9
3471	9
3472	9
3473	9
3474	9
3475	9
3476	9
3477	9
3478	9
3479	9
3480	9
3481	9
3482	9
3483	9
3484	9
3485	9
3486	9
3487	9
3488	9
3489	9
3490	9
3491	9
3492	9
3493	9
3494	9
3495	9
3496	9
3497	9
3498	9
3499	9
3500	9
3501	9
3502	9
3503	9
3504	9
3505	9
3506	9
3507	9
3508	9
3509	9
3510	9
3511	9
3512	9
3513	9
3514	9
3515	9
3516	9
3517	9
3518	9
3519	9
3520	9
3521	9
3522	9
3523	9
3524	9
3525	9
3526	9
3527	9
3528	9
3529	9
3530	9
3531	9
3532	9
3533	9
3534	9
3535	9
3536	9
3537	9
3538	9
3539	9
3540	9
3541	9
3542	9
3543	9
3544	9
3545	9
3546	9
3547	9
3548	9
3549	9
3550	9
3551	9
3552	9
3553	9
3554	9
3555	9
3556	9
3557	9
3558	9
3559	9
3560	9
3561	9
3562	9
3563	9
3564	9
3565	9
3566	9
3567	9
3568	9
3569	9
3570	9
3571	9
3572	9
3573	9
3574	9
3575	9
3576	9
3577	9
3578	9
3579	9
3580	9
3581	9
3582	9
3583	9
3584	9
3585	9
3586	9
3587	9
3588	9
3589	9
3590	9
3591	9
3592	9
3593	9
3594	9
3595	9
3596	9
3597	9
3598	9
3599	9
3600	9
3601	9
3602	9
3603	9
3604	9
3605	9
3606	9
3607	9
3608	9
3609	9
3610	9
3611	9
3612	9
3613	9
3614	9
3615	9
3616	9
3617	9
3618	9
3619	9
3620	9
3621	9
3622	9
3623	9
3624	9
3625	9
3626	9
3627	9
3628	9
3629	9
3630	9
3631	9
3632	9
3633	9
3634	9
3635	9
3636	9
3637	9
3638	9
3639	9
3640	9
3641	9
3642	9
3643	9
3644	9
3645	9
3646	9
3647	9
3648	9
3649	9
3650	9
3651	9
3652	9
3653	9
3654	9
3655	9
3656	9
3657	9
3658	9
3659	9
3660	9
3661	9
3662	9
3663	9
3664	9
3665	9
3666	9
3667	9
3668	9
3669	9
3670	9
3671	9
3672	9
3673	9
3674	9
3675	9
3676	9
3677	9
3678	9
3679	9
3680	9
3681	9
3682	9
3683	9
3684	9
3685	9
3686	9
3687	9
3688	9
3689	9
3690	9
3691	9
3692	9
3693	9
3694	9
3695	9
3696	9
3697	9
3698	9
3699	9
3700	9
3701	9
3702	9
3703	9
3704	9
3705	9
3706	9
3707	9
3708	9
3709	9
3710	9
3711	9
3712	9
655	10
668	10
729	10
761	10
778	10
790	10
842	10
851	10
864	10
908	10
1003	10
1007	10
1019	10
1035	10
1042	10
1044	10
1116	10
1117	10
1130	10
1132	10
1134	10
1141	10
1179	10
1190	10
1199	10
1201	10
1212	10
1255	10
1278	10
1322	10
1371	10
1556	10
1677	10
1756	10
1813	10
1843	10
1845	10
1847	10
1852	10
1853	10
1854	10
1859	10
1868	10
1872	10
1876	10
1884	10
1885	10
1886	10
1887	10
1889	10
1891	10
1905	10
1908	10
1913	10
1914	10
1917	10
1918	10
1919	10
1920	10
1921	10
1923	10
1929	10
1934	10
1939	10
1943	10
1945	10
1947	10
1950	10
1952	10
1953	10
1964	10
1970	10
1971	10
1981	10
1986	10
1987	10
1988	10
1989	10
1994	10
1995	10
1996	10
2001	10
2006	10
2010	10
2012	10
2013	10
2014	10
2022	10
2025	10
2026	10
2044	10
2049	10
2058	10
2061	10
2066	10
2070	10
2078	10
2084	10
2091	10
2096	10
2106	10
2109	10
2112	10
2119	10
2122	10
2123	10
2132	10
2134	10
2135	10
2139	10
2140	10
2141	10
2142	10
2144	10
2145	10
2147	10
2148	10
2150	10
2152	10
2153	10
2156	10
2159	10
2160	10
2162	10
2167	10
2168	10
2169	10
2172	10
2173	10
2174	10
2175	10
2177	10
2178	10
2180	10
2182	10
2187	10
2194	10
2195	10
2196	10
2199	10
2205	10
2208	10
2217	10
2221	10
2223	10
2226	10
2232	10
2233	10
2234	10
2235	10
2237	10
2238	10
2241	10
2243	10
2247	10
2251	10
2254	10
2255	10
2258	10
2259	10
2262	10
2265	10
2269	10
2272	10
2273	10
2274	10
2278	10
2282	10
2283	10
2286	10
2290	10
2291	10
2292	10
2295	10
2296	10
2298	10
2301	10
2303	10
2304	10
2309	10
2311	10
2312	10
2314	10
2315	10
2317	10
2319	10
2320	10
2322	10
2327	10
2328	10
2330	10
2338	10
2339	10
2341	10
2342	10
2347	10
2348	10
2350	10
2352	10
2353	10
2355	10
2357	10
2361	10
2362	10
2368	10
2370	10
2371	10
2373	10
2379	10
2381	10
2382	10
2384	10
2385	10
2386	10
2387	10
2390	10
2393	10
2399	10
2400	10
2401	10
2402	10
2403	10
2404	10
2405	10
2409	10
2410	10
2412	10
2420	10
2421	10
2422	10
2423	10
2430	10
2431	10
2433	10
2434	10
2435	10
2436	10
2440	10
2444	10
2447	10
2449	10
2451	10
2454	10
2455	10
2456	10
2457	10
2458	10
2462	10
2463	10
2468	10
2469	10
2473	10
2474	10
2478	10
2480	10
2482	10
2484	10
2486	10
2487	10
2488	10
2490	10
2493	10
2494	10
2498	10
2499	10
2500	10
2501	10
2503	10
2505	10
2508	10
2510	10
2511	10
2512	10
2513	10
2514	10
2516	10
2517	10
2518	10
2519	10
2523	10
2529	10
2530	10
2531	10
2532	10
2533	10
2534	10
2536	10
2537	10
2539	10
2540	10
2541	10
2542	10
2546	10
2550	10
2551	10
2555	10
2556	10
2557	10
2558	10
2563	10
2570	10
2573	10
2575	10
2576	10
2586	10
2589	10
2594	10
2597	10
2598	10
2601	10
2603	10
2604	10
2607	10
2614	10
2615	10
2616	10
2619	10
2621	10
2623	10
2635	10
2637	10
2639	10
2640	10
2643	10
2644	10
2647	10
2650	10
2652	10
2657	10
2658	10
2659	10
2660	10
2666	10
2670	10
2672	10
2674	10
2676	10
2677	10
2678	10
2679	10
2681	10
2682	10
2683	10
2686	10
2687	10
2689	10
2691	10
2693	10
2694	10
2696	10
2697	10
2706	10
2708	10
2711	10
2712	10
2720	10
2722	10
2728	10
2732	10
2733	10
2734	10
2739	10
2741	10
2742	10
2743	10
2744	10
2745	10
2746	10
2747	10
2750	10
2753	10
2757	10
2759	10
2761	10
2762	10
2764	10
2765	10
2766	10
2767	10
2768	10
2769	10
2772	10
2775	10
2776	10
2778	10
2782	10
2783	10
2784	10
2786	10
2787	10
2788	10
2792	10
2796	10
2798	10
2799	10
2802	10
2804	10
2806	10
2810	10
2814	10
2815	10
2816	10
2818	10
2820	10
2830	10
2831	10
2835	10
2836	10
2840	10
2841	10
2847	10
2850	10
2851	10
2854	10
2855	10
2856	10
2861	10
2869	10
2878	10
2879	10
2880	10
2882	10
2883	10
2884	10
2891	10
2893	10
2895	10
2898	10
2899	10
2900	10
2901	10
2902	10
2905	10
2906	10
2907	10
2913	10
2914	10
2921	10
2922	10
2923	10
2935	10
2940	10
2947	10
2948	10
2951	10
2953	10
2957	10
2960	10
2961	10
2962	10
2963	10
2965	10
2966	10
2967	10
2969	10
2973	10
2987	10
3010	10
3012	10
3013	10
3014	10
3021	10
3022	10
3026	10
3027	10
3028	10
3030	10
3031	10
3033	10
3040	10
3042	10
3046	10
3048	10
3049	10
3051	10
3060	10
3061	10
3066	10
3068	10
3070	10
3071	10
3072	10
3073	10
3079	10
3085	10
3090	10
3092	10
3093	10
3094	10
3095	10
3100	10
3101	10
3103	10
3104	10
3105	10
3109	10
3110	10
3113	10
3116	10
3117	10
3119	10
3121	10
3122	10
3123	10
3124	10
3125	10
3136	10
3140	10
3143	10
3144	10
3145	10
3146	10
3147	10
3148	10
3149	10
3151	10
3156	10
3159	10
3164	10
3165	10
3167	10
3172	10
3175	10
3177	10
3180	10
3181	10
3182	10
3188	10
3189	10
3190	10
3191	10
3197	10
3198	10
3199	10
3200	10
3201	10
3202	10
3208	10
3210	10
3212	10
3213	10
3214	10
3215	10
3217	10
3222	10
3223	10
3225	10
3226	10
3229	10
3233	10
3237	10
3240	10
3243	10
3244	10
3245	10
3251	10
3252	10
3253	10
3257	10
3258	10
3260	10
3263	10
3269	10
3270	10
3272	10
3273	10
3276	10
3280	10
3282	10
3286	10
3288	10
3289	10
3291	10
3294	10
3295	10
3296	10
3297	10
3299	10
3300	10
3302	10
3303	10
3305	10
3306	10
3307	10
3308	10
3312	10
3320	10
3321	10
3323	10
3324	10
3326	10
3327	10
3329	10
3330	10
3334	10
3336	10
3339	10
3340	10
3341	10
3343	10
3345	10
3346	10
3348	10
3352	10
3356	10
3360	10
3361	10
3364	10
3366	10
3369	10
3375	10
3376	10
3377	10
3378	10
3379	10
3380	10
3382	10
3389	10
3391	10
3392	10
3393	10
3395	10
3396	10
3397	10
3399	10
3404	10
3406	10
3408	10
3409	10
3410	10
3413	10
3415	10
3417	10
3418	10
3420	10
3421	10
3422	10
3428	10
3430	10
3435	10
3437	10
3439	10
3443	10
3444	10
3446	10
3447	10
3449	10
3451	10
3452	10
3453	10
3454	10
3455	10
3456	10
3457	10
3459	10
3462	10
3474	10
3480	10
3487	10
3489	10
3493	10
3494	10
3495	10
3513	10
3520	10
3521	10
3524	10
3525	10
3526	10
3533	10
3553	10
3581	10
3597	10
3605	10
3613	10
3616	10
3623	10
3625	10
3627	10
3633	10
3635	10
3642	10
3644	10
3652	10
3655	10
3657	10
3660	10
3661	10
3662	10
3668	10
3672	10
3681	10
3697	10
3702	10
3713	10
3714	10
3715	10
3716	10
3717	10
3718	10
3719	10
3720	10
3721	10
3722	10
3723	10
3724	10
3725	10
3726	10
3727	10
3728	10
3729	10
3730	10
3731	10
3732	10
3733	10
3734	10
3735	10
3736	10
3737	10
3738	10
3739	10
3740	10
3741	10
3742	10
3743	10
3744	10
3745	10
3746	10
3747	10
3748	10
3749	10
3750	10
3751	10
3752	10
3753	10
3754	10
3755	10
3756	10
3757	10
3758	10
3759	10
3760	10
3761	10
3762	10
3763	10
3764	10
3765	10
3766	10
3767	10
3768	10
3769	10
3770	10
3771	10
3772	10
3773	10
3774	10
3775	10
3776	10
3777	10
3778	10
3779	10
3780	10
3781	10
3782	10
3783	10
3784	10
3785	10
3786	10
3787	10
3788	10
3789	10
3790	10
3791	10
3792	10
3793	10
3794	10
3795	10
3796	10
3797	10
3798	10
3799	10
3800	10
3801	10
3802	10
3803	10
3804	10
3805	10
3806	10
3807	10
3808	10
3809	10
3810	10
3811	10
3812	10
3813	10
3814	10
3815	10
3816	10
3817	10
3818	10
3819	10
3820	10
3821	10
3822	10
3823	10
3824	10
3825	10
3826	10
3827	10
3828	10
3829	10
3830	10
3831	10
3832	10
3833	10
3834	10
3835	10
3836	10
3837	10
3838	10
3839	10
3840	10
3841	10
3842	10
3843	10
3844	10
3845	10
3846	10
3847	10
3848	10
3849	10
3850	10
3851	10
3852	10
3853	10
3854	10
3855	10
3856	10
656	11
659	11
663	11
665	11
668	11
669	11
670	11
671	11
673	11
674	11
675	11
676	11
677	11
678	11
679	11
680	11
682	11
694	11
695	11
698	11
700	11
703	11
719	11
720	11
721	11
722	11
723	11
724	11
725	11
728	11
735	11
743	11
745	11
747	11
755	11
756	11
757	11
758	11
760	11
768	11
775	11
776	11
777	11
789	11
791	11
792	11
794	11
797	11
798	11
799	11
800	11
801	11
803	11
804	11
818	11
819	11
820	11
825	11
826	11
828	11
829	11
830	11
833	11
838	11
839	11
840	11
844	11
846	11
847	11
848	11
849	11
850	11
852	11
866	11
867	11
870	11
877	11
880	11
883	11
884	11
890	11
891	11
892	11
894	11
897	11
899	11
903	11
910	11
912	11
913	11
914	11
915	11
917	11
922	11
923	11
926	11
928	11
931	11
932	11
933	11
934	11
939	11
940	11
945	11
946	11
954	11
955	11
963	11
968	11
974	11
975	11
976	11
978	11
984	11
987	11
1002	11
1005	11
1012	11
1014	11
1015	11
1017	11
1018	11
1022	11
1023	11
1024	11
1025	11
1028	11
1030	11
1033	11
1034	11
1038	11
1043	11
1045	11
1047	11
1051	11
1054	11
1057	11
1059	11
1060	11
1061	11
1064	11
1067	11
1072	11
1075	11
1078	11
1080	11
1081	11
1082	11
1084	11
1085	11
1095	11
1096	11
1098	11
1099	11
1100	11
1101	11
1104	11
1106	11
1109	11
1110	11
1112	11
1113	11
1115	11
1122	11
1125	11
1127	11
1128	11
1133	11
1137	11
1140	11
1146	11
1147	11
1148	11
1150	11
1151	11
1152	11
1153	11
1154	11
1157	11
1158	11
1160	11
1161	11
1162	11
1163	11
1168	11
1169	11
1170	11
1171	11
1172	11
1173	11
1174	11
1176	11
1178	11
1182	11
1183	11
1184	11
1185	11
1187	11
1188	11
1189	11
1191	11
1192	11
1194	11
1197	11
1200	11
1203	11
1212	11
1213	11
1215	11
1216	11
1217	11
1218	11
1219	11
1221	11
1223	11
1226	11
1228	11
1229	11
1230	11
1234	11
1236	11
1239	11
1240	11
1241	11
1242	11
1244	11
1246	11
1248	11
1252	11
1254	11
1256	11
1258	11
1259	11
1261	11
1263	11
1264	11
1265	11
1278	11
1281	11
1282	11
1290	11
1294	11
1383	11
1478	11
1488	11
1623	11
1709	11
1768	11
1779	11
1783	11
1816	11
1828	11
1834	11
1835	11
1839	11
1840	11
1844	11
1850	11
1856	11
1861	11
1872	11
1878	11
1880	11
1881	11
1882	11
1885	11
1886	11
1890	11
1893	11
1902	11
1903	11
1906	11
1909	11
1910	11
1911	11
1912	11
1918	11
1925	11
1926	11
1927	11
1928	11
1938	11
1940	11
1944	11
1946	11
1963	11
1968	11
1976	11
1978	11
1979	11
1984	11
1985	11
1994	11
1997	11
2004	11
2006	11
2008	11
2011	11
2028	11
2029	11
2030	11
2032	11
2033	11
2034	11
2035	11
2036	11
2037	11
2039	11
2040	11
2041	11
2042	11
2043	11
2055	11
2062	11
2068	11
2069	11
2075	11
2080	11
2089	11
2101	11
2108	11
2120	11
2126	11
2127	11
2129	11
2131	11
2133	11
2136	11
2154	11
2171	11
2193	11
2224	11
2230	11
2237	11
2244	11
2248	11
2257	11
2263	11
2264	11
2270	11
2271	11
2275	11
2279	11
2281	11
2294	11
2308	11
2315	11
2326	11
2364	11
2365	11
2366	11
2369	11
2370	11
2377	11
2391	11
2396	11
2400	11
2422	11
2444	11
2445	11
2446	11
2453	11
2456	11
2499	11
2505	11
2515	11
2518	11
2544	11
2545	11
2546	11
2556	11
2564	11
2600	11
2601	11
2619	11
2632	11
2648	11
2649	11
2651	11
2654	11
2655	11
2656	11
2657	11
2663	11
2664	11
2668	11
2669	11
2673	11
2679	11
2684	11
2688	11
2701	11
2703	11
2704	11
2707	11
2713	11
2714	11
2717	11
2723	11
2725	11
2727	11
2731	11
2735	11
2736	11
2737	11
2738	11
2740	11
2743	11
2747	11
2748	11
2749	11
2751	11
2752	11
2753	11
2754	11
2755	11
2770	11
2771	11
2778	11
2791	11
2794	11
2795	11
2796	11
2801	11
2807	11
2808	11
2809	11
2811	11
2812	11
2813	11
2820	11
2822	11
2823	11
2825	11
2827	11
2829	11
2831	11
2832	11
2833	11
2836	11
2837	11
2839	11
2840	11
2845	11
2848	11
2849	11
2852	11
2856	11
2857	11
2858	11
2860	11
2870	11
2873	11
2874	11
2875	11
2877	11
2880	11
2884	11
2885	11
2886	11
2887	11
2888	11
2889	11
2892	11
2899	11
2903	11
2909	11
2912	11
2915	11
2916	11
2917	11
2922	11
2925	11
2926	11
2929	11
2931	11
2932	11
2933	11
2937	11
2939	11
2941	11
2943	11
2946	11
2949	11
2950	11
2952	11
2953	11
2954	11
2955	11
2959	11
2974	11
2978	11
2979	11
2981	11
2983	11
2985	11
2986	11
3009	11
3023	11
3025	11
3028	11
3029	11
3030	11
3034	11
3036	11
3038	11
3039	11
3050	11
3058	11
3065	11
3069	11
3071	11
3075	11
3078	11
3081	11
3084	11
3087	11
3089	11
3091	11
3095	11
3098	11
3104	11
3112	11
3120	11
3132	11
3133	11
3142	11
3151	11
3152	11
3155	11
3156	11
3157	11
3161	11
3169	11
3178	11
3183	11
3184	11
3185	11
3189	11
3192	11
3193	11
3194	11
3195	11
3205	11
3206	11
3207	11
3209	11
3211	11
3213	11
3215	11
3216	11
3219	11
3220	11
3227	11
3230	11
3232	11
3246	11
3247	11
3248	11
3250	11
3255	11
3260	11
3261	11
3270	11
3271	11
3274	11
3282	11
3286	11
3287	11
3290	11
3298	11
3304	11
3306	11
3309	11
3313	11
3314	11
3315	11
3316	11
3317	11
3318	11
3319	11
3320	11
3321	11
3331	11
3336	11
3338	11
3339	11
3344	11
3352	11
3353	11
3354	11
3355	11
3356	11
3365	11
3369	11
3374	11
3376	11
3379	11
3382	11
3384	11
3385	11
3386	11
3394	11
3395	11
3398	11
3400	11
3402	11
3404	11
3410	11
3411	11
3416	11
3419	11
3420	11
3423	11
3424	11
3425	11
3426	11
3427	11
3431	11
3432	11
3433	11
3434	11
3436	11
3441	11
3446	11
3450	11
3455	11
3457	11
3458	11
3468	11
3470	11
3479	11
3481	11
3482	11
3504	11
3505	11
3508	11
3534	11
3535	11
3536	11
3541	11
3566	11
3579	11
3584	11
3600	11
3615	11
3617	11
3624	11
3631	11
3636	11
3639	11
3648	11
3650	11
3651	11
3659	11
3663	11
3667	11
3675	11
3677	11
3683	11
3685	11
3687	11
3690	11
3694	11
3701	11
3705	11
3706	11
3707	11
3715	11
3744	11
3754	11
3760	11
3761	11
3762	11
3763	11
3767	11
3773	11
3774	11
3781	11
3782	11
3783	11
3785	11
3788	11
3789	11
3790	11
3791	11
3801	11
3808	11
3809	11
3811	11
3813	11
3814	11
3816	11
3819	11
3831	11
3834	11
3838	11
3851	11
3857	11
3858	11
3859	11
3860	11
3861	11
3862	11
3863	11
3864	11
3865	11
3866	11
3867	11
3868	11
3869	11
3870	11
3871	11
3872	11
3873	11
3874	11
3875	11
3876	11
3877	11
3878	11
3879	11
3880	11
3881	11
3882	11
3883	11
3884	11
3885	11
3886	11
3887	11
3888	11
3889	11
3890	11
3891	11
3892	11
3893	11
3894	11
3895	11
3896	11
3897	11
3898	11
3899	11
3900	11
3901	11
3902	11
3903	11
3904	11
3905	11
3906	11
3907	11
3908	11
3909	11
3910	11
3911	11
3912	11
3913	11
3914	11
3915	11
3916	11
3917	11
3918	11
3919	11
3920	11
3921	11
3922	11
3923	11
3924	11
3925	11
3926	11
3927	11
3928	11
3929	11
3930	11
3931	11
3932	11
3933	11
3934	11
3935	11
3936	11
3937	11
3938	11
3939	11
3940	11
3941	11
3942	11
3943	11
3944	11
3945	11
3946	11
3947	11
3948	11
3949	11
3950	11
3951	11
3952	11
3953	11
3954	11
3955	11
3956	11
3957	11
3958	11
3959	11
3960	11
3961	11
3962	11
3963	11
3964	11
3965	11
3966	11
3967	11
3968	11
3969	11
3970	11
3971	11
3972	11
3973	11
3974	11
3975	11
3976	11
3977	11
3978	11
3979	11
3980	11
3981	11
3982	11
3983	11
3984	11
3985	11
3986	11
3987	11
3988	11
3989	11
3990	11
3991	11
3992	11
3993	11
3994	11
3995	11
3996	11
3997	11
3998	11
3999	11
4000	11
4001	11
4002	11
4003	11
4004	11
4005	11
4006	11
4007	11
4008	11
4009	11
4010	11
4011	11
4012	11
4013	11
4014	11
4015	11
4016	11
4017	11
4018	11
4019	11
4020	11
4021	11
4022	11
4023	11
4024	11
4025	11
4026	11
4027	11
4028	11
4029	11
4030	11
4031	11
4032	11
4033	11
4034	11
4035	11
4036	11
1345	12
3917	12
3962	12
4002	12
4037	12
4038	12
4039	12
4040	12
4041	12
4042	12
4043	12
4044	12
4045	12
4046	12
4047	12
4048	12
4049	12
4050	12
4051	12
4052	12
4053	12
4054	12
4055	12
4056	12
4057	12
4058	12
4059	12
4060	12
4061	12
4062	12
4063	12
4064	12
4065	12
4066	12
4067	12
4068	12
4069	12
4070	12
4071	12
4072	12
4073	12
4074	12
4075	12
4076	12
4077	12
4078	12
4079	12
4080	12
4081	12
4082	12
4083	12
4084	12
4085	12
4086	12
4087	12
4088	12
4089	12
4090	12
656	13
692	13
704	13
840	13
842	13
859	13
887	13
888	13
889	13
891	13
899	13
955	13
1016	13
1028	13
1183	13
1222	13
1379	13
1536	13
1542	13
1543	13
1571	13
1650	13
1759	13
1763	13
1767	13
1768	13
1771	13
1772	13
1773	13
1777	13
1778	13
1781	13
1784	13
1791	13
1792	13
1794	13
1795	13
1797	13
1798	13
1799	13
1800	13
1801	13
1802	13
1805	13
1810	13
1816	13
1818	13
1821	13
1826	13
1828	13
1832	13
1837	13
1838	13
1842	13
1856	13
1859	13
1865	13
1866	13
1867	13
1871	13
1875	13
1878	13
1879	13
1880	13
1882	13
1884	13
1888	13
1890	13
1894	13
1895	13
1901	13
1903	13
1904	13
1906	13
1908	13
1911	13
1914	13
1918	13
1919	13
1920	13
1921	13
1925	13
1926	13
1931	13
1932	13
1933	13
1935	13
1937	13
1939	13
1940	13
1947	13
1952	13
1954	13
1962	13
1966	13
1970	13
1973	13
1977	13
1978	13
1980	13
1981	13
1984	13
1985	13
1987	13
1993	13
1994	13
1995	13
1999	13
2001	13
2006	13
2008	13
2013	13
2014	13
2017	13
2018	13
2019	13
2021	13
2023	13
2024	13
2028	13
2037	13
2038	13
2040	13
2041	13
2042	13
2044	13
2045	13
2046	13
2047	13
2050	13
2051	13
2052	13
2057	13
2059	13
2061	13
2067	13
2068	13
2069	13
2072	13
2073	13
2074	13
2076	13
2078	13
2079	13
2082	13
2086	13
2088	13
2093	13
2098	13
2106	13
2108	13
2109	13
2114	13
2116	13
2119	13
2120	13
2122	13
2128	13
2130	13
2131	13
2134	13
2135	13
2136	13
2138	13
2139	13
2143	13
2146	13
2148	13
2151	13
2155	13
2157	13
2161	13
2167	13
2170	13
2179	13
2184	13
2185	13
2186	13
2187	13
2192	13
2193	13
2194	13
2198	13
2200	13
2201	13
2202	13
2206	13
2207	13
2208	13
2210	13
2212	13
2213	13
2214	13
2216	13
2217	13
2219	13
2224	13
2227	13
2229	13
2230	13
2231	13
2237	13
2240	13
2242	13
2243	13
2244	13
2247	13
2248	13
2249	13
2252	13
2254	13
2255	13
2256	13
2258	13
2259	13
2262	13
2273	13
2274	13
2275	13
2284	13
2285	13
2292	13
2294	13
2302	13
2308	13
2310	13
2312	13
2317	13
2319	13
2321	13
2322	13
2324	13
2331	13
2334	13
2335	13
2337	13
2338	13
2339	13
2343	13
2344	13
2345	13
2347	13
2348	13
2354	13
2355	13
2362	13
2365	13
2366	13
2369	13
2371	13
2381	13
2385	13
2389	13
2390	13
2392	13
2397	13
2398	13
2400	13
2402	13
2403	13
2404	13
2405	13
2406	13
2408	13
2412	13
2415	13
2421	13
2422	13
2424	13
2426	13
2433	13
2435	13
2436	13
2437	13
2441	13
2446	13
2447	13
2452	13
2453	13
2454	13
2455	13
2460	13
2461	13
2462	13
2469	13
2476	13
2477	13
2480	13
2481	13
2485	13
2488	13
2492	13
2495	13
2497	13
2499	13
2500	13
2505	13
2508	13
2509	13
2510	13
2511	13
2512	13
2514	13
2515	13
2520	13
2537	13
2538	13
2540	13
2544	13
2557	13
2558	13
2564	13
2571	13
2576	13
2589	13
2592	13
2597	13
2598	13
2601	13
2614	13
2615	13
2616	13
2618	13
2619	13
2620	13
2630	13
2631	13
2634	13
2635	13
2637	13
2640	13
2641	13
2658	13
2661	13
2664	13
2669	13
2671	13
2681	13
2692	13
2694	13
2703	13
2712	13
2715	13
2726	13
2731	13
2735	13
2738	13
2748	13
2755	13
2756	13
2757	13
2758	13
2759	13
2765	13
2769	13
2776	13
2782	13
2785	13
2789	13
2790	13
2792	13
2793	13
2798	13
2826	13
2827	13
2831	13
2838	13
2839	13
2840	13
2841	13
2842	13
2845	13
2866	13
2876	13
2886	13
2895	13
2904	13
2905	13
2915	13
2916	13
2921	13
2926	13
2929	13
2931	13
2932	13
2937	13
2943	13
2944	13
2946	13
2949	13
2950	13
2951	13
2954	13
2956	13
2959	13
2966	13
2969	13
2976	13
2982	13
2985	13
2994	13
2996	13
2997	13
3001	13
3008	13
3009	13
3010	13
3012	13
3013	13
3025	13
3035	13
3037	13
3040	13
3045	13
3052	13
3054	13
3055	13
3056	13
3059	13
3063	13
3065	13
3068	13
3069	13
3071	13
3075	13
3076	13
3077	13
3079	13
3080	13
3081	13
3083	13
3089	13
3090	13
3091	13
3094	13
3095	13
3099	13
3101	13
3104	13
3105	13
3110	13
3114	13
3115	13
3120	13
3122	13
3127	13
3129	13
3132	13
3134	13
3136	13
3138	13
3139	13
3145	13
3148	13
3153	13
3157	13
3160	13
3163	13
3164	13
3165	13
3166	13
3168	13
3169	13
3170	13
3172	13
3173	13
3174	13
3186	13
3188	13
3190	13
3191	13
3193	13
3194	13
3198	13
3200	13
3204	13
3205	13
3208	13
3216	13
3217	13
3227	13
3230	13
3233	13
3241	13
3243	13
3247	13
3252	13
3253	13
3263	13
3265	13
3269	13
3272	13
3278	13
3280	13
3285	13
3286	13
3291	13
3295	13
3296	13
3303	13
3310	13
3313	13
3323	13
3326	13
3333	13
3336	13
3340	13
3345	13
3348	13
3350	13
3353	13
3357	13
3358	13
3364	13
3365	13
3367	13
3372	13
3382	13
3389	13
3392	13
3397	13
3399	13
3401	13
3405	13
3407	13
3408	13
3409	13
3412	13
3418	13
3420	13
3421	13
3426	13
3429	13
3430	13
3431	13
3434	13
3440	13
3446	13
3447	13
3450	13
3452	13
3455	13
3456	13
3459	13
3494	13
3697	13
3726	13
3754	13
3755	13
3757	13
3758	13
3759	13
3760	13
3761	13
3762	13
3763	13
3764	13
3767	13
3771	13
3775	13
3779	13
3781	13
3800	13
3802	13
3803	13
3805	13
3812	13
3818	13
3819	13
3823	13
3826	13
3827	13
3828	13
3834	13
3841	13
3845	13
3855	13
3868	13
3878	13
3904	13
3905	13
3906	13
3971	13
3975	13
3978	13
3982	13
3990	13
3996	13
4005	13
4009	13
4012	13
4013	13
4018	13
4020	13
4027	13
4032	13
4091	13
4092	13
4093	13
4094	13
4095	13
4096	13
4097	13
4098	13
4099	13
4100	13
4101	13
4102	13
4103	13
4104	13
4105	13
4106	13
4107	13
4108	13
4109	13
4110	13
4111	13
658	14
660	14
661	14
664	14
672	14
682	14
684	14
685	14
689	14
690	14
702	14
705	14
707	14
708	14
710	14
715	14
726	14
729	14
730	14
735	14
739	14
740	14
745	14
746	14
751	14
753	14
761	14
762	14
766	14
769	14
777	14
785	14
786	14
787	14
796	14
803	14
808	14
818	14
827	14
831	14
832	14
833	14
834	14
835	14
836	14
843	14
849	14
853	14
855	14
876	14
881	14
882	14
885	14
896	14
897	14
898	14
903	14
906	14
912	14
913	14
921	14
922	14
929	14
933	14
934	14
935	14
936	14
947	14
948	14
949	14
950	14
951	14
956	14
959	14
966	14
968	14
970	14
971	14
985	14
986	14
996	14
1010	14
1016	14
1030	14
1034	14
1039	14
1043	14
1047	14
1049	14
1050	14
1057	14
1068	14
1073	14
1077	14
1078	14
1084	14
1087	14
1089	14
1091	14
1094	14
1095	14
1101	14
1102	14
1107	14
1110	14
1113	14
1116	14
1124	14
1125	14
1129	14
1134	14
1140	14
1162	14
1167	14
1177	14
1193	14
1198	14
1199	14
1208	14
1210	14
1211	14
1214	14
1215	14
1224	14
1234	14
1242	14
1243	14
1245	14
1250	14
1251	14
1252	14
1257	14
1259	14
1272	14
1273	14
1274	14
1275	14
1278	14
1282	14
1291	14
1299	14
1332	14
1347	14
1364	14
1434	14
1443	14
1457	14
1459	14
1475	14
1508	14
1517	14
1539	14
1567	14
1574	14
1586	14
1625	14
1627	14
1636	14
1670	14
1694	14
1705	14
1706	14
1716	14
1722	14
1735	14
1770	14
1790	14
1836	14
1860	14
1914	14
2030	14
2206	14
2257	14
2282	14
2286	14
2440	14
2552	14
2586	14
2603	14
2660	14
2719	14
2734	14
2783	14
2784	14
2795	14
2799	14
2818	14
2880	14
2915	14
2924	14
2941	14
2980	14
3020	14
3199	14
3245	14
3296	14
3302	14
3323	14
3345	14
3353	14
3361	14
3366	14
3383	14
3446	14
3462	14
3469	14
3471	14
3483	14
3484	14
3486	14
3487	14
3509	14
3512	14
3537	14
3553	14
3563	14
3564	14
3565	14
3567	14
3580	14
3585	14
3588	14
3590	14
3626	14
3628	14
3629	14
3633	14
3638	14
3652	14
3653	14
3655	14
3657	14
3667	14
3673	14
3675	14
3692	14
3705	14
3716	14
3719	14
3721	14
3735	14
3739	14
3821	14
3880	14
3900	14
3919	14
3921	14
3941	14
3944	14
3968	14
4112	14
4113	14
4114	14
4115	14
4116	14
4117	14
4118	14
4119	14
4120	14
4121	14
4122	14
1119	15
1120	15
1334	15
1480	15
1630	15
1635	15
1647	15
1709	15
2819	15
3780	15
3872	15
3874	15
3887	15
3899	15
3939	15
3940	15
3943	15
3947	15
3972	15
4123	15
4124	15
4125	15
4126	15
4127	15
4128	15
4129	15
4130	15
4131	15
4132	15
4133	15
4134	15
4135	15
4136	15
4137	15
4138	15
4139	15
4140	15
4141	15
4142	15
4143	15
4144	15
4145	15
4146	15
4147	15
4148	15
4149	15
4150	15
4151	15
4152	15
4153	15
4154	15
4155	15
4156	15
4157	15
4158	15
4159	15
4160	15
4161	15
4162	15
4163	15
4164	15
4165	15
4166	15
4167	15
4168	15
4169	15
4170	15
4171	15
4172	15
4173	15
4174	15
4175	15
4176	15
4177	15
4178	15
4179	15
4180	15
4181	15
4182	15
4183	15
4184	15
4185	15
4186	15
4187	15
4188	15
4189	15
4190	15
4191	15
4192	15
4193	15
4194	15
4195	15
4196	15
4197	15
4198	15
4199	15
4200	15
4201	15
733	16
908	16
1059	16
1074	16
1085	16
1224	16
1775	16
1783	16
1795	16
1803	16
1806	16
1807	16
1808	16
1812	16
1815	16
1817	16
1822	16
1823	16
1837	16
1880	16
1882	16
1922	16
1944	16
2043	16
2158	16
2160	16
2176	16
2245	16
2263	16
2282	16
2420	16
2440	16
2565	16
2642	16
2648	16
2650	16
2655	16
2657	16
2660	16
2662	16
2663	16
2665	16
2667	16
2676	16
2677	16
2679	16
2682	16
2700	16
2702	16
2710	16
2711	16
2730	16
2734	16
2739	16
2740	16
2754	16
2756	16
2761	16
2762	16
2767	16
2770	16
2771	16
2775	16
2777	16
2783	16
2797	16
2801	16
2803	16
2814	16
2823	16
2838	16
2848	16
2850	16
2867	16
2870	16
2872	16
2873	16
2883	16
2887	16
2897	16
2900	16
2914	16
2923	16
2927	16
2956	16
2957	16
2964	16
2969	16
2970	16
2974	16
2980	16
2986	16
2988	16
2992	16
2993	16
2995	16
3003	16
3016	16
3018	16
3019	16
3023	16
3044	16
3046	16
3064	16
3067	16
3071	16
3078	16
3081	16
3096	16
3106	16
3125	16
3126	16
3137	16
3138	16
3150	16
3152	16
3154	16
3176	16
3179	16
3183	16
3201	16
3203	16
3207	16
3211	16
3215	16
3218	16
3245	16
3251	16
3257	16
3264	16
3287	16
3288	16
3290	16
3299	16
3305	16
3308	16
3312	16
3314	16
3319	16
3323	16
3328	16
3331	16
3332	16
3335	16
3337	16
3342	16
3343	16
3346	16
3347	16
3353	16
3354	16
3360	16
3361	16
3365	16
3371	16
3375	16
3377	16
3384	16
3390	16
3414	16
3422	16
3438	16
3461	16
3463	16
3470	16
3472	16
3475	16
3478	16
3481	16
3487	16
3488	16
3493	16
3494	16
3495	16
3499	16
3500	16
3506	16
3511	16
3512	16
3514	16
3520	16
3521	16
3523	16
3524	16
3526	16
3538	16
3539	16
3540	16
3543	16
3553	16
3566	16
3567	16
3577	16
3580	16
3582	16
3583	16
3584	16
3586	16
3590	16
3594	16
3595	16
3597	16
3598	16
3601	16
3603	16
3605	16
3608	16
3613	16
3614	16
3618	16
3619	16
3621	16
3623	16
3628	16
3629	16
3635	16
3636	16
3637	16
3638	16
3641	16
3643	16
3644	16
3646	16
3647	16
3649	16
3652	16
3655	16
3656	16
3657	16
3660	16
3661	16
3662	16
3666	16
3671	16
3672	16
3674	16
3680	16
3686	16
3689	16
3690	16
3694	16
3697	16
3704	16
3706	16
3707	16
3713	16
3714	16
3715	16
3716	16
3717	16
3718	16
3719	16
3720	16
3721	16
3722	16
3723	16
3724	16
3725	16
3726	16
3727	16
3728	16
3729	16
3730	16
3731	16
3732	16
3733	16
3734	16
3735	16
3736	16
3737	16
3738	16
3740	16
3741	16
3742	16
3743	16
3744	16
3745	16
3746	16
3747	16
3748	16
3749	16
3756	16
3763	16
3769	16
3773	16
3795	16
3796	16
3797	16
3801	16
3804	16
3807	16
3815	16
3821	16
3822	16
3824	16
3828	16
3830	16
3840	16
3844	16
3846	16
3847	16
3854	16
3856	16
3857	16
3866	16
3868	16
3870	16
3873	16
3881	16
3898	16
3900	16
3901	16
3909	16
3910	16
3911	16
3913	16
3915	16
3919	16
3921	16
3925	16
3932	16
3937	16
3941	16
3944	16
3946	16
3948	16
3949	16
3951	16
3952	16
3953	16
3954	16
3955	16
3956	16
3957	16
3965	16
3967	16
3970	16
3971	16
3976	16
3983	16
4000	16
4006	16
4022	16
4092	16
4093	16
4094	16
4113	16
4115	16
4116	16
4117	16
4121	16
4122	16
4202	16
4203	16
4204	16
4205	16
4206	16
4207	16
4208	16
4209	16
4210	16
4211	16
4212	16
4213	16
4214	16
4215	16
4216	16
4217	16
4218	16
4219	16
4220	16
4221	16
4222	16
4223	16
4224	16
4225	16
4226	16
4227	16
4228	16
4229	16
4230	16
4231	16
4232	16
4233	16
4234	16
4235	16
4236	16
4237	16
4238	16
4239	16
4240	16
4241	16
4242	16
4243	16
4244	16
4245	16
4246	16
4247	16
4248	16
4249	16
4250	16
4251	16
4252	16
4253	16
4254	16
4255	16
4256	16
4257	16
4258	16
4259	16
4260	16
4261	16
4262	16
4263	16
4264	16
4265	16
4266	16
4267	16
4268	16
4269	16
4270	16
4271	16
4272	16
4273	16
4274	16
4275	16
4276	16
4277	16
4278	16
4279	16
4280	16
4281	16
4282	16
4283	16
4284	16
4285	16
4286	16
4287	16
4288	16
4289	16
4290	16
4291	16
4292	16
4293	16
4294	16
4295	16
4296	16
4297	16
4298	16
4299	16
4300	16
