5.6


6
6.3
5.9
4.7
5.7
2.7
5.4
4.8
6.3
5.8
7.1
5.3
5.8
6.9
6.4
4
6.7
6.3
4

6.2
5.8
6.1
6.3
6.4
6.3
4.6
6.7
6.6

3.8
6.8

6.2
7
6.5
7.3
6.5
5.1
8.5

7.5
6.2
3.2
6.5
6.3
6.9

6.7
5.9
4
7.5
2

5.6


6.7

6.1
6.2
4
4.5
6.5

6.2
8
6.3

6.3
5.5
5.5
7
5.8
5.8
5.6
5.5
7.2
7.5
2
6.8

6.1
6.3
6
8
5.8
6.3

6

6.1
5.4
5
5.5
5.5
7.3
10


6
6.9
6.4
7
6.7
6.6
6.8
8.3
6
6.9
6.2
1.5
5.5
6
6.8

7.8
7.6
6.1
5.9
4.7
5.4
4.4

9

6.5
5.4
6.6
4.7
6
5.1
4.3
5
7.1
6.3
7.1
5.5
6.1
5.6
6
6.4
6.6
5.5
6.7
10
4
6.9
2
6.8
6.8
6.9
4.8
7.1
6.1
7.1


6
6
6.2
6.1
7.1
7.6
5.5

6.1
4.1
